[  5.          55.26088754   6.18190957   0.4765417  200.
   5.        ]
[  5.          20.44333838   4.78257082   0.24017926 200.
   5.        ]
[  5.           4.53155543   5.80190655   0.47162799 200.
   5.        ]
[  5.          30.01670003  16.04636465   0.30316036 200.
   5.        ]
[  5.          16.55105088  12.48620913   0.86543442 200.
   5.        ]
[  5.          52.16948241  10.3922925    0.58517257 200.
   5.        ]
[  5.          23.33392273  33.49724117   1.02045508 200.
   5.        ]
[  5.           9.77026258  31.79787948   1.08458781 200.
   5.        ]
[5.00000000e+00 1.54330840e+00 4.35490277e+00 1.83820447e-01
 2.00000000e+02 5.00000000e+00]
[  5.          48.45946581   3.52753258   0.55713699 200.
   5.        ]
[5.00000000e+00 1.46924737e+01 4.76605299e+00 9.12594385e-02
 2.00000000e+02 5.00000000e+00]
[  5.          19.58697755   6.8848533    0.4202674  200.
   5.        ]
[  5.          25.88350978   9.80612461   0.25317894 200.
   5.        ]
[5.00000000e+00 5.70343842e+00 1.67163540e+01 1.23314027e-01
 2.00000000e+02 5.00000000e+00]
[  5.          18.67888989  13.35884424   0.24023336 200.
   5.        ]
[  5.          54.91694759   1.77508507   0.48534128 200.
   5.        ]
